61,147
63
64
65
126,20,127
1,148
18,149
2
68,4
69,4
5,6
66,4
66,126,47,126
131
136
135
134
133
132
4
126,47,127,6
6,150
7,151
8,152
9,153
10,154
11,155
12,156
13,157
14,158
15,159
16
16,143,20,124,17
17
4,19,18
125
78
79
80
81
82
83
84
85
86
87
18,160
17
23,144
23,24,144
26
26,23
27
27,23
38
38,23
25,161
39
39,125,50
89
90
91
92
93
104
94
95
96
97
100
101
98
99
28
35
88
29,63,122,30,123
29,122,30,123
29,63
105
106
31,162
32,33,144
27,32
27
38,32
38
34,163
39
124,21
39,124,21
107,122,36,123
107,63,122,36,123
107,63
37,164
63
63,125,21
102
103
41,40
40
63,165
126,39,127,165
136
136,42
136,41
136,42,41
38,166
44
44,121,108
45,167
23,39
23,48
23
63,168
32
32,48
41
49
41,49
126,48,127,169
128,129,169
128,21,129,169
126,127,169
126,43,127,169
18
122,51,123
122,51,121,123
50,170
53
54
57
58
59
60
63,124,52
109,21,124,52
110,124,52
122,123
122,56,123
122,55,123
122,55,56,123
22,171
52,172
144
20,144
111,126,20,127,52
111,126,20,127,52,112,52
113,126,20,127,52
114,126,20,127,52
115,52,114,126,20,127,144
116,126,57,57,127,52
116,126,57,57,20,127,52
117,63,144
118,144
119,144
120,144
120,20,144
62
22
23,39,55,54
23,39,54
39,55,54
39,54
146
61,147
146
128,20,129,148
126,127,148
126,3,127,148
130,63,148
67,63,148
68,148
69,148
146
121,18,149
146
136,6,150
137,6,150
138,6,150
146
135,7,151
134,7,151
146
70,8,152
71,8,152
146
139,9,153
140,9,153
72,9,153
73,9,153
146
74,10,154
75,10,154
146
131,11,155
146
141,12,156
146
142,13,157
146
76,14,158
146
77,15,159
146
121,18,160
146
121,25,161
146
31,162
146
121,34,163
146
121,37,164
146
128,21,129,165
128,129,165
126,43,127,165
126,46,127,165
126,127,165
146
38,166
146
121,45,167
146
121,63,168
146
128,129,169
128,21,129,169
126,127,169
126,43,127,169
146
121,50,170
146
22,171
146
52,172
